Id,SalePrice,Id
2658,187245.3871922776,
2718,194291.8472310236,
2414,198605.5708074789,
1989,117049.50659733755,
625,181386.9516447077,
333,69299.00530438754,
1327,95724.46840986275,
858,141407.19840101898,
95,198240.72231639677,
1568,173633.91398284934,
2482,165316.15260464046,
1364,152607.30428533914,
2584,181821.91352070082,
818,260501.84066834935,
2673,189200.6635173061,
2089,146266.8924821259,
1297,166821.52361858968,
790,125790.13765935399,
2616,212389.1948366178,
720,251102.8344285254,2591.0
222,124745.15598508358,
557,109017.51484927573,
1148,197001.56056370126,
2766,162653.53441121202,
534,199338.59340621025,
1452,108082.7923289382,
630,132459.4344122941,
2648,154296.70390925702,
125,155363.6430986846,
1904,18387.127391292743,
1670,76391.63928078438,
756,74019.13450298386,
717,264606.3848403066,2892.0
1032,134775.6969475489,
852,221630.30698063463,
1731,190949.0152257479,
2639,117900.88485724849,
2071,89363.9287492093,
1267,113421.20156270845,
1851,207277.1509101368,
567,140729.89710703254,
2439,218983.6438055826,
1898,143512.05925153807,
647,154254.29790058848,
2256,215313.07793033315,
979,88333.35129497919,
1444,213593.39864090574,
2485,115614.67679561526,
157,112252.13341906125,
88,121076.4564453683,
2003,127192.0863600878,
186,272394.75627970404,
1425,260141.98258928047,
2695,126066.56479073761,
738,115989.7435419416,
395,152743.3005165115,
1353,220786.5302287899,
1878,146590.9451306616,
390,198479.99141280976,
1456,218449.61044597783,
1103,292700.0731460284,
1387,133993.20788798094,
2070,138575.6210328326,
1199,208772.27102257375,
2479,166847.4671812156,
501,296120.0146843066,467.0
2362,76317.66484552715,
1718,168431.0988969725,
2188,35754.03878318911,
1483,134013.03251532774,
2557,65804.97376832386,
437,308527.3193711642,2407.0
2224,210488.45983986364,
1628,195884.50739604043,
397,123803.20931045178,2165.0
587,215582.66669145692,
2182,535398.3201664097,
971,191873.98937357357,
2611,166994.9027423265,
1887,110684.68764502605,
2399,309548.86048131634,
2148,216553.74225954013,
304,145403.73760052264,
1997,118535.13442052042,
2817,98397.73335721256,
1431,169401.79253355763,
427,296551.96539478446,576.0
263,108873.01842155235,
598,183029.12587291654,
2895,275357.7462347514,
687,155361.91818604752,1142.0
1822,119086.54992088562,
2191,99527.2917358687,
179,153479.13798805978,
1009,225433.5892461766,
2010,119154.94674396474,
1991,175451.5015063397,
1411,159819.02379079716,
1721,250456.80262047704,
1144,171881.9726768678,
593,233072.71246366,
575,273631.046989323,1241.0
1249,216868.22372727375,
1604,111489.45439195694,
1064,378235.7243402336,
1923,172892.15944133193,
1988,105673.0819893785,
2325,159158.67282925628,
114,207998.12992451398,
2700,223691.74986017653,
217,153662.65955983876,
343,185201.86557769804,676.0
386,249162.76048182795,
2005,121875.82115370114,
2908,138969.50110771594,
1814,227059.7900125684,
2446,440893.3794582012,
208,154752.93156564294,
1679,111627.97294523896,
822,300719.9550498765,
6,174421.87055969256,
1781,352161.7895295741,
2397,259087.53105843655,
2340,297458.604340775,
1618,168253.26143041177,
2843,115129.44744777746,
1061,316598.0807553506,
2786,110578.92743564022,
1935,121001.56779110353,
1341,110322.7279800518,
521,287963.70675505523,
2136,121137.77640506989,
996,175006.198663146,
227,130211.6282634477,
135,164217.5768240649,
1167,157613.19117344305,
294,238438.42202182184,
1776,211288.33223773772,
540,194516.16327362746,1674.0
1717,168429.00130444585,
2303,109047.78386099695,
116,181136.15379148995,2446.0
127,126776.99623336381,
1371,163588.1119379687,
1014,208982.40032840904,
1507,123079.90726375085,
702,156505.01741989044,
750,183584.80023751344,2902.0
261,158621.25265537278,1748.0
1559,63246.00015500974,
577,245189.43049773906,
2812,209137.60200413445,
2080,178097.52482951508,
1368,159175.28783410316,
2376,110648.30166203887,
659,104917.95300935663,1109.0
1235,126325.46535393261,
332,68412.21376505715,
1917,146233.45942958654,
2094,229423.53730596876,
1460,267020.4499740408,
1471,192813.71055719216,
1509,122974.58164141598,
1922,125041.43202760865,
433,408161.59280214045,
460,275830.99086081685,
1116,257040.01265873306,
1137,164221.3561286726,
53,186553.1792761369,
2354,235264.12698216474,
1475,216525.3225270905,
1761,424755.31631985557,
842,117825.42222215471,
2739,165509.21116244374,
2509,163573.0912055485,
1007,223575.24627085973,
2610,185711.95640977827,
1952,92443.02315626526,
2719,191408.87451636588,
2921,68854.56073845903,
1966,137056.94191025055,
292,142968.71904450178,
1204,226467.74178181606,
1829,258072.7580362322,
2419,192645.9152406021,
391,178669.34904969984,
798,150554.37553517765,
481,194824.18471312517,
193,231092.08311705274,
555,118815.11321483942,
899,53726.989481143595,
2357,204240.93113411515,
328,108853.14567275508,
1356,140266.14185417793,
1154,106325.49989105208,
1730,164185.42034093232,
2249,142656.83430815442,
1119,247525.29869664315,
2856,139798.02312771615,
1394,150759.2191869677,
2587,130270.48114024464,
61,305371.40757189156,
2661,232916.15716131584,
2711,147763.7884010455,
1147,174310.80781255948,
757,156545.83569540316,1696.0
2623,89813.61034936889,
2378,157130.6428756399,
1413,149935.54359842732,
1722,238227.69317628158,
1112,191331.73396295495,
1623,177876.74788476946,
1201,185411.1192547438,
1513,95774.60663649146,
957,477565.8886646134,
1171,281131.59557597333,
1145,205750.49379772117,
2726,257748.72843149473,
703,182644.11739532126,
760,76723.90649311265,1726.0
1964,121973.73594733185,
2512,184499.62709962396,
159,152710.54342864832,2094.0
1281,180899.79380926624,
468,165576.87601313228,
290,138710.8538321838,
665,110493.09435525746,1059.0
1463,273588.5192474313,
1792,221995.43270052085,
923,146103.58076100593,
500,248335.6724471175,
1408,171426.7716769009,
331,52696.917609227414,
170,124810.92289845462,
2192,69883.89578638607,
2571,266427.10736541427,
2314,164427.89233955776,
2647,104919.92623524877,
422,350604.88566569675,
2457,309379.74463831936,
1838,203573.2081779142,
2805,260282.68951280147,
1645,174446.11368032318,
1711,280879.1859249432,
2825,243969.72895282216,
322,326186.60477688134,
2103,263848.09215743496,
342,145632.44511350774,
600,79713.64436684447,1685.0
488,183037.52555881708,1024.0
1725,309053.5795887508,
2246,256950.86823988665,
2847,181395.67920541333,
806,260646.289092132,
530,224121.40146070905,
963,184825.78637892508,
2678,51709.197188053426,
171,87726.58086235478,1761.0
2401,357173.2149523385,
805,222377.43678454484,
2259,261862.92085869482,
1748,190072.47369424748,
1361,166288.98058304918,
1677,140451.16311571095,
1406,159279.73157239216,
2322,234763.8276429358,
688,182209.06422577938,2342.0
143,143572.19519170158,
804,214165.23124937422,
1214,177494.69723478123,
2828,150477.62319410488,
1999,211878.38626114494,
2467,196557.94607538608,
2665,212018.6108040029,
1538,355474.0516308957,
398,76537.01629156162,2316.0
2822,140156.64710109466,
2157,134022.4716816976,
1856,161244.57937582326,
1269,121377.96887610547,
2570,129427.31524741417,
2320,243663.4830854992,
1517,168419.24919798877,
2304,119361.94173785351,
1312,110982.3797739716,
2012,152209.67175389617,
506,238415.53053978021,
2865,221635.16866008943,
2367,124218.10822336818,
554,132983.73664392476,
238,131707.12028421825,422.0
1954,111525.41657838458,
2488,188184.68383946025,
2291,67953.08605144217,
1969,112143.52298727471,
2725,159102.3199995241,
1482,134013.03251532774,
2763,198850.02736212837,
503,228914.47407020355,
1584,248611.28734985145,
1531,168888.79766553722,
2210,188011.5002851226,
459,309757.88090127293,2764.0
556,116446.6862025432,
1347,162001.4629435534,
1290,89453.10653569314,
1388,119133.72827201872,
1571,337876.5960499985,
2754,201761.66332107497,
765,132898.2569959702,
2494,126115.71043083727,
2870,191823.98419169622,
7,234166.82002457534,
1114,230442.77136181615,
2418,273985.3661267445,
291,150735.91211825568,
18,310454.81230259524,2616.0
39,316975.05692253914,
1001,262070.90852100682,
2442,234930.97373820288,
616,124714.62004720926,
2680,70421.25920019083,
1414,134131.73432301646,
289,145415.28485034936,
40,258384.28089502477,
860,109517.05616374066,
409,143460.2484993282,2402.0
673,143731.90806710604,
2427,186119.70485616615,
2036,222723.11916524824,
2564,151559.06214544317,
642,186324.1536182438,
1008,179953.43033418158,
1908,157640.43425510026,
2519,225017.2682463085,
1369,103737.6664064966,
2855,210190.11575206264,
712,104391.45728516989,
1943,117531.44714230756,
1958,159626.64567893633,
107,191282.0193487552,
2295,198284.39676165069,
704,132233.61112602515,
676,126536.27013932416,
259,171586.8794500369,805.0
93,279759.01814867667,
106,245008.1815044267,
2315,177174.29052478413,
1050,111751.1274278874,
1095,200958.36588345846,
2709,127387.29342527612,
758,213228.88119968085,
1496,154811.9951984412,
2370,141128.19540237723,
2458,264485.6761789289,
2733,115970.60547425321,
161,298720.1250452837,1471.0
726,165968.99101883243,2251.0
845,214678.29007404362,
947,258661.43059373647,
2232,141285.20152873528,
2563,174416.9183745337,
2299,154160.25084773882,
211,119906.25444503463,
605,181931.34208752378,2430.0
1478,232584.92529593263,
2247,256092.95289649075,
2274,190583.26593597326,
2869,174027.17553040723,
967,226258.33655863185,
2656,68237.30992907757,
667,224091.78336433013,128.0
1042,124600.6738097608,
2023,192020.08488931728,
2447,339754.85346024996,
2055,143187.17825734464,
2275,278793.9022233134,
2204,195934.84451609594,
1563,256758.04307744582,
483,201520.13674402708,
796,118345.30686907782,1858.0
1526,180839.32633326168,
2042,217796.32530410896,
442,310327.27177537995,
1693,286637.09484396613,
1468,216494.9973306546,
1430,203110.89343777683,
2605,206889.70020224748,
1529,226814.80296980805,
335,152924.19511821156,
1287,132212.6899042967,
31,98832.2055493042,
1785,237817.33932952146,
82,169757.17255567928,
2620,110785.05710732235,
252,200341.99558682786,2847.0
721,67573.78874792601,
2165,175234.8447238105,
2316,166998.027194014,
775,106798.91267563376,
1558,58499.00162261014,
17,250640.1058629807,
1022,247410.03888720792,
925,126469.71807913817,
438,269886.7938586188,2527.0
1270,157474.29561900726,
1272,120599.60869871188,
215,143309.02263160725,1171.0
266,214787.15091163898,
2402,254001.66696514346,
1250,115038.75210076824,
1984,96382.3957638148,
1279,143378.17044953234,
377,274478.07230213116,2204.0
1252,177344.15987458505,
2156,266502.24220227747,
499,292459.8551063528,
1374,133749.76302861806,
2898,257143.93069543707,
401,80167.94895517608,
2721,185292.72684137,
2078,264785.4073983805,
2589,129155.05602206965,
1946,229490.4816384291,
1334,151681.05684256286,
2781,228066.0786690573,
431,356246.3463355777,
576,224347.17154065165,
1474,205229.68595017638,
2254,175336.1984860751,
2155,297168.0515223648,
885,98091.18863625714,
643,155275.00331946672,72.0
1944,112854.427783956,
480,201818.35525323014,2411.0
2845,105303.21924733269,
2387,280586.05339317984,
2407,207492.52682400699,
2527,160682.4562238165,
2514,163310.4141887813,
629,184593.74714439077,350.0
80,214203.2121572902,2399.0
1876,137472.0607638453,
1546,143923.59125776344,
2518,169345.46690520202,
2347,160357.10818826698,
783,174225.13559074362,
1322,21110.306229300128,
194,67223.33679994804,
1770,255998.2783400755,
2143,107206.48875224104,
1229,217382.69705091207,
511,267665.93314933573,235.0
46,206280.79445998266,1444.0
1348,211339.21259128634,
2465,194822.04058398906,
387,244510.72223911947,2605.0
873,213319.996679704,
1918,118389.26134889224,
2764,248874.44910650176,
2184,114658.5469603473,
934,136990.7928812196,
1920,123466.38508982101,
2631,151396.56817957788,
1768,476788.6800836863,
2040,100208.72935916213,
1749,218750.05054848437,
834,219039.73574151442,1077.0
1457,241406.3668403987,
79,129502.35772639606,
2302,105575.21943314385,
1817,111720.76312991165,
2755,231072.76148965256,
359,161308.86313696764,947.0
2059,111284.59943065469,
2092,242063.53645709087,
2516,254251.44973450946,
150,127440.53698498619,
1656,139356.3122638351,
83,121332.15826693838,1997.0
2411,176152.43922087562,
795,78407.46660493445,210.0
2312,236698.96547133877,
2917,84137.81402027197,
1624,192250.42245256394,
2215,340610.21574626985,
1211,161650.07277779654,
1485,134025.61807048757,
1024,171034.59550208633,
570,165217.55089268886,918.0
2874,156202.66068075807,
700,186956.74618641997,271.0
2756,219810.23979394982,
2022,206552.8103154531,
583,232388.47868711734,2321.0
2392,307826.7286881926,
2424,207133.87475542206,
212,143860.2710191232,1201.0
736,128085.30755212242,
1610,167427.19599594857,
890,102309.22028434693,
467,165195.4786647322,
578,292538.266986838,
1747,198201.81968287932,
1149,164681.79907854123,
2758,220265.6837575279,
857,108342.64875252233,
2219,306563.9299443121,
733,147115.70914682333,
2909,112342.84691317161,
1798,255328.43871798954,
235,94448.34716169495,2571.0
2366,119637.9566564858,
1027,123627.25492842632,
1195,113772.05853449169,
1303,-20719.3600820516,
148,196270.4292080918,
608,143631.61149192578,
2515,204352.16037610348,
821,262221.2558030153,2768.0
2500,289301.82062190515,
745,116611.90623571878,
741,141740.2599289497,1441.0
1611,207711.59576586884,
2532,118815.11321483942,
1081,211202.00537436677,
1692,350439.95705917047,
2520,209564.6488650958,
276,171574.70991678018,
1992,135513.41840265115,
663,-7935.978307658777,1188.0
418,162050.34759528353,
1733,171502.84237505984,
2359,159947.48563580308,
253,196843.48169894126,806.0
1518,154162.87983391626,
2035,158707.76707219606,
2919,68468.60371355721,
1540,242732.0022666619,
2120,126734.88049919016,
1674,171347.0080923526,
256,155226.3860114644,
2361,78516.33989016604,
978,51784.95495957736,
2280,143186.14758781664,
2095,231272.79286317324,
1709,281402.1748161136,
2801,232051.5947001991,
1246,113610.0254731453,
2373,123931.78684348176,
1055,261123.2650851233,
2017,125209.1554541442,
1099,269317.8730272104,
1344,102209.36937070437,
835,192629.8596643642,1536.0
1117,217863.16276252747,
2043,103306.09923254853,
2085,117562.8791368012,
410,159270.95571123116,
2650,142483.4525198692,
2867,193806.68114159087,
1668,116512.93617344636,
1161,173287.93282092898,
2122,168279.62704822375,
2539,131955.11838568634,
1047,151081.16322883853,
1445,115452.12064489562,
541,132619.74883962076,
569,201010.55618561164,
1276,136167.04798040286,
918,177118.79674855864,
326,149078.68986725708,
1936,114655.94873475135,
895,76353.95945181459,
257,119080.94844588844,
1241,199271.46638410533,
1545,143526.8962239417,
1189,173424.80512671935,
270,134013.03251532774,
2066,216047.5312788473,
693,119771.9716175046,369.0
1259,148608.3572279333,
2916,151893.6260480737,
2321,261603.94686523627,
1977,116522.75128324158,
1895,181820.40793794318,
1240,171193.53329131275,
85,135321.85662428415,
1823,95733.90030613763,
825,279495.55018701043,
110,218309.81801096292,
697,133844.94030894135,
2297,102366.20630386836,
1231,129928.36182162724,
1355,140245.7084280083,
968,313777.8807251086,
584,240223.14923173853,1977.0
1315,136499.91011217475,
1606,104226.22238879485,
206,104843.6497407849,
1685,309847.4309899436,
2016,135743.38942671265,
869,217931.21594793996,
2135,114341.51897501349,
2346,177149.01447909744,
2430,214777.98009926488,
2198,104989.68474120062,
2652,114239.02845501923,
27,78903.17749812169,
241,168334.40191053116,2805.0
906,121438.70100426918,
1506,111255.53106570191,
2098,305824.9668056016,
1435,213340.38059520134,
2213,141283.62384136562,
1274,156829.82877940382,
743,7402.677157015743,285.0
1737,207545.81096675625,
2797,267621.7070703179,
2185,97208.93197193483,
58,189965.07849423256,390.0
830,197565.4262079951,
808,158695.298936192,465.0
680,159570.8447684715,
1153,110519.97583802429,
1291,157523.12334081787,
1818,197498.90852467797,
2161,191008.80207415175,
1883,124461.85368682636,
350,327849.1537867431,
2473,164877.27758980723,
295,179396.6124325451,
293,236953.79715825984,
859,116384.25980283669,
288,45474.176634750795,
1578,127946.31613449418,
102,156776.71161734982,1249.0
2831,172073.09084039344,
1030,186181.81396752864,
2551,141454.69766935264,
1286,143295.6211630738,
958,295201.6574984437,
776,108962.19909386928,
72,188072.21974726114,
2263,258479.46903517266,
1866,156990.77561949345,
2876,59353.40816264108,
2146,271398.29586002696,
103,181182.25710921857,
1500,150477.62319410488,
492,191132.4739094149,
167,132064.2370436467,
2597,103828.34865501197,
2685,120966.59569116472,
1035,156808.63929982053,
1220,34067.03023513543,
2602,166631.7018743935,
2159,213692.4081070372,
695,190059.03536169854,
1109,238185.79464643792,
640,190736.7328755923,1286.0
1652,154893.41728593205,
2090,163319.96522267302,
1188,209661.12999881647,
2345,259424.23518412397,
1059,350718.85359845776,
2751,230853.84637601604,
128,214848.42841452826,
1523,186909.07817640493,
2925,149255.16936269857,
2145,290886.06128030876,
1121,240686.98519049265,
566,271592.0028598396,
565,216340.37922809832,
1331,153217.21074343548,
2928,118769.64229562713,
156,128348.35588926246,
797,156611.5772792708,
327,68938.46443952466,
2859,184608.11060556956,
1453,101634.1795020056,
1762,307787.7673990255,
1868,231817.18718372093,
1760,176531.28576631425,
1113,259723.6629666899,
1812,184436.54371492716,
117,175868.60864335543,208.0
1142,201895.24719188904,
2342,330093.5390709585,
927,128748.53200526151,
2478,182417.51650912815,
655,37950.2949950913,
2064,112816.95969176127,
369,229792.61664836184,
2239,150668.36562721862,
2732,212443.91537341266,
1653,167587.15833797783,
959,209066.36329993996,
2395,290856.13668779645,
1412,109461.40071837942,
271,265576.93219594617,1999.0
1484,134025.61807048757,
1497,96714.76226895678,
552,185942.36260022817,1099.0
2,114757.51081855761,2414.0
1855,289960.0977487149,
4,269221.70287994726,
2292,157739.1158414443,
134,139400.04740274337,135.0
646,90509.75548486345,
42,299763.89151748753,
532,223779.8857974825,1733.0
713,93228.3666084476,
2561,136834.2574124719,
2360,134167.94033749084,
1333,119014.8005163249,
1407,257499.1190118977,
2892,270959.94051833445,
574,235805.07271682483,
1227,202504.52098436828,
2591,274387.1053198681,
1476,214468.71716132434,
1125,255847.35383153084,
1446,119114.52013693601,
408,112172.85690272693,266.0
1101,272786.25405766774,
2251,150809.10473193118,
373,216161.59142686264,2023.0
2554,124537.31557810589,
2382,267523.7322537474,
1985,83202.72599728961,
519,236219.88819492667,821.0
1093,183349.1082688775,
864,267449.647645057,607.0
2889,152429.83544643223,
2308,183852.8901919364,
986,132704.62331127343,
1302,137309.90515605794,
585,162066.78837336227,
2708,156485.71228405792,
147,137243.96407154054,
1441,223501.22429112304,
383,160973.19243993016,442.0
285,160070.10989429022,2012.0
181,131516.0719909333,
358,160795.91532189638,
780,208961.42547991953,
258,206692.22208948986,2401.0
1865,222776.87197177944,
692,149393.84952544677,
2902,294151.1685147045,
508,268319.7388912084,
2638,156391.39651733474,
36,157236.57129823527,2639.0
611,188485.18229855475,
2281,108782.13956777766,
1678,140627.36088794871,
1696,368024.73977184267,
1557,75823.86763043818,
2180,124972.24164147634,
1726,234472.96630012477,
951,146052.93884212518,
267,228977.25619859376,
2706,120385.97176296171,
2221,221740.79888391093,
1357,200336.51557238062,
2901,291195.0142546934,
347,205399.12764408323,2315.0
2164,195856.63039502647,
1586,285300.65134417964,
360,163315.30165403977,
1769,228971.20254264888,
2617,220597.5460977485,
1879,176893.26885805716,
991,241561.0329656842,
1535,132493.9656531458,
1191,168940.95231306338,
1579,202774.05938874162,
1882,152584.28589077527,
1510,107594.34807374413,
2196,198567.60640169523,
1845,155871.6004421045,
2336,338951.4596748523,
942,110456.15667787127,
861,101158.59228838753,2396.0
2555,86533.6153711043,
1392,153560.18143722473,
2099,262739.5145071056,
1543,127628.63387908082,
948,251549.41020621918,
1239,155235.48469016294,
22,196942.51447754737,1148.0
2796,230917.981565976,
2747,175776.0895755532,
92,281645.77601888037,
210,178125.2720475985,1112.0
1858,230170.94652135513,
2228,208612.3748479358,
447,220696.20218990586,
827,227789.65650557086,2462.0
1649,225523.58508934715,
682,144616.67917342897,1868.0
2698,147845.6053662247,
494,190516.5002790197,
214,118766.55683945853,957.0
2441,242483.1663937145,
2679,118600.92426103365,
1336,113391.82040413603,
465,192742.51904149947,
1524,152390.19179853267,
2543,109199.20165254938,
631,131305.18626564735,
2452,286531.4810784904,
228,157621.9730306997,
126,180555.17531013262,1061.0
1092,207704.81473585218,
1122,209738.7779734893,
932,229211.0055741963,
1980,95025.68879530168,
2171,87554.66814785093,
551,158616.3870283537,
2768,183546.82882070827,
2056,109405.88375982875,
1159,348968.50189231464,
2645,130193.9770771022,
1174,179825.92608413077,
2266,222847.39471578604,
2462,352577.99915495625,
1219,132000.19849827385,
2922,210404.4890928957,
118,138066.56003193837,
474,186531.15455460717,
2576,182742.21574679692,
872,280151.7239679593,368.0
1077,235859.3067470246,
1536,156268.31593718042,
1150,118441.47129854793,
2341,278445.46767081216,
1931,135905.0892570207,
2785,118748.87810713577,
2538,124292.89525509177,
597,231977.20035592507,
464,191992.20250544348,1768.0
233,230757.3721028287,170.0
2169,115504.94073105563,
2123,152237.84272426285,
1867,176069.4309660633,
137,285859.0168518811,
515,214020.694398291,
933,127475.50962463606,
2784,174137.65775246255,
972,161509.37672194245,
599,177686.11904780456,
2614,138741.77682698442,
2582,113114.78516361897,
1409,198573.1582929201,
175,74170.84047612545,
352,247529.50675267458,1496.0
976,53630.904980407155,
2134,205925.55808725394,
984,106476.00052307063,
2396,319610.41148571327,
1673,158336.75069638022,
404,119856.1062792564,438.0
607,144491.53272813908,
814,135150.58485668874,
868,205597.14449199056,
2271,187050.71031352255,
1633,229309.19331441674,
337,183946.72304999834,
2765,193235.7993160803,
1746,228129.22577473603,
368,295958.0762631957,2869.0
2806,211303.41378515353,
1662,189287.61972559284,
1234,202047.64328363579,
1373,135033.28788840637,
1672,78594.75456019581,
1939,113163.1980049412,
