Id,SalePrice
2658,162781.66402253165
2718,180834.01264380815
2414,199996.13349660172
1989,128088.26151126306
625,188312.35727915337
333,59352.79277824485
1327,97486.36285207892
858,144446.07531691645
95,187772.41300849285
1568,183351.3463964347
2482,175691.07248538185
1364,166555.07866810967
2584,190166.36959595268
818,211398.64462521556
2673,172454.4177695841
2089,147842.55550450465
1297,164320.68378184218
790,135152.08325786504
2616,209518.61199621717
720,250290.30401026295
222,132162.73632543493
557,122768.04664672856
1148,197331.65210892365
2766,186293.67190689256
534,216390.69215269998
1452,120625.01631898587
630,113447.92553154327
2648,134987.90509824076
125,169759.67234409088
1904,19710.876340238523
1670,83706.43481400976
756,81572.22690118969
717,224752.52046216477
1032,141070.79160040125
852,232841.2808484509
1731,191072.78266596503
2639,95563.99720248359
2071,93322.49890444503
1267,125631.02911495161
1851,220037.99804502743
567,139909.0546818575
2439,205665.12096159306
1898,144576.62645504967
647,157491.38450776256
2256,222130.27302821702
979,71608.59451652117
1444,203890.9219985996
2485,126901.98642572114
157,122241.4824038219
88,130247.68211669498
2003,126760.97443097256
186,249033.55990068603
1425,273208.4579712089
2695,117642.87208347634
738,116827.26132395517
395,166892.63150983717
1353,211313.5458247445
1878,148824.13472335477
390,217458.9988317336
1456,206096.31569307682
1103,296717.5740251862
1387,143833.08082288457
2070,146842.80497316603
1199,203269.41781194403
2479,154964.3814459936
501,298174.37009445357
2362,85105.50377461393
1718,174914.77693655976
2188,37701.84423455031
1483,152647.65933993348
2557,75790.68021645569
437,289515.134654322
2224,221744.8137939215
1628,197165.614487543
397,132153.6534378809
587,218132.08886185265
2182,472448.6767034437
971,189702.33451685647
2611,178820.6116422639
1887,123345.89304002671
2399,327090.672033396
2148,227397.80840321776
304,153840.3173520994
1997,106048.42954082368
2817,80962.84575683845
1431,153896.1304209574
427,300151.05315820046
263,121790.53068489922
598,195456.16688266885
2895,289208.70507327415
687,169121.39045656397
1822,128389.12323887326
2191,87363.56588386415
179,155258.47590493277
1009,246250.73278994422
2010,112066.89752999818
1991,164386.0682564411
1411,157230.88046320295
1721,262698.8024055231
1144,157849.42217076308
593,230720.86538299575
575,285206.65193378914
1249,215846.0630128582
1604,123443.90112712214
1064,386903.6084334304
1923,184474.47219411714
1988,115409.2359700076
2325,150048.17403553828
114,197419.47183488053
2700,217654.63342036592
217,138838.56870430917
343,191436.61652675056
386,242015.31841188204
2005,117207.99024806215
2908,150470.9923150828
1814,240779.75150966062
2446,399246.66581818694
208,129691.42991670733
1679,100858.61897671592
822,317789.4588769284
6,165175.3351235353
1781,369545.3171056897
2397,250721.78392795956
2340,313326.0835053444
1618,164526.49682176864
2843,86905.31784956701
1061,304311.9595177291
2786,124333.07904635626
1935,130661.77619051779
1341,102837.16755812574
521,310918.4462955894
2136,131292.353482747
996,164669.35625687952
227,119785.16320238111
135,177453.57849081996
1167,144677.61126610386
294,218066.21543950844
1776,224542.9234908549
540,216592.830328373
1717,174911.66091746115
2303,125109.98569000053
116,187257.2673948577
127,135545.74349025378
1371,156977.13526413025
1014,226483.67701302178
1507,125197.15430969364
702,126329.94590727627
750,168442.6854500086
261,154474.41275958
1559,64634.330869108526
577,252073.02533366444
2812,201455.8569259644
2080,169159.47369563824
1368,166480.83433120657
2376,123656.50537359584
659,119746.27956309111
1235,132849.06581833956
332,59544.40433812965
1917,163698.0769010426
2094,206405.45939095045
1460,244573.73108545988
1471,198993.43198903557
1509,122978.85570250731
1922,133611.62838883567
433,407725.29686028365
460,297599.3584783979
1116,271906.1558611699
1137,180612.63939699554
53,202792.91482256475
2354,203216.7539649661
1475,228245.5975650056
1761,362927.41350530315
842,128596.7978750577
2739,163196.08734327788
2509,169990.36523149582
1007,211679.33214375324
2610,172871.9504961
1952,109144.22771809465
2719,177695.58936355083
2921,59447.040548637946
1966,141145.50540860533
292,126733.08179390171
1204,210837.3630127143
1829,243819.30980833946
2419,191246.01604774216
391,187072.46557133098
798,152241.27847992367
481,194534.96037364617
193,210530.766900684
555,130702.72475803964
899,55857.259508948424
2357,197687.49576009135
328,117374.54478838865
1356,161063.54851232335
1154,119523.479952939
1730,158396.5674160053
2249,160665.12944522785
1119,239782.50547304
2856,131957.8364803791
1394,139048.091816457
2587,135721.59054024218
61,287334.87862837827
2661,211648.20110482827
2711,166098.55760908913
1147,159413.91477212176
757,149133.3621513386
2623,92829.44837129951
2378,149502.70108116046
1413,148529.85296420858
1722,256229.4343007031
1112,170834.43292310653
1623,164241.72764571448
1201,164702.86526953033
1513,84820.47367341799
957,578455.9865210052
1171,299052.754635134
1145,195407.48381503444
2726,264254.1790229096
703,180533.02373141987
760,82038.57867511746
1964,130071.65065230333
2512,181658.32822157437
159,167200.25104733318
1281,163608.80185501586
468,155971.3853079448
290,158363.31919918116
665,125349.8672341228
1463,252484.4138028134
1792,204480.15776274452
923,153368.2325928951
500,220417.82517367072
1408,173147.81385031657
331,63001.81735052867
170,95038.65919994155
2192,80514.99622431383
2571,253609.63454973703
2314,158072.24520171632
2647,117197.9492646569
422,326912.82697781373
2457,315710.53966042143
1838,214917.14264363237
2805,255720.0014619935
1645,184994.50667269336
1711,257972.8746517881
2825,216000.18081899628
322,336676.27737110626
2103,276425.37377686833
342,167747.10197077232
600,85598.27530531707
488,166491.38958198117
1725,320697.0180646397
2246,267832.26904421416
2847,176328.60133137024
806,249913.03502514865
530,200562.9235810181
963,192276.52562054776
2678,38333.47718544147
171,82537.58629473805
2401,339277.4088954396
805,210899.66434780107
2259,249336.53690737247
1748,194684.22113587667
1361,157591.11424958595
1677,139748.47584533342
1406,174543.1881470278
2322,220920.17929269007
688,164918.03190413304
143,145492.39503595687
804,205251.6425503876
1214,185327.4948760979
2828,162866.0485216261
1999,177828.18349722616
2467,191802.6755580678
2665,201370.57435748022
1538,298211.7143185698
398,83540.96381457802
2822,150700.41300258972
2157,152661.68142587732
1856,163489.13443887536
1269,130187.00976451571
2570,137058.7320794362
2320,238649.614396428
1517,162493.49801508116
2304,131896.48206001945
1312,115802.98538237039
2012,156079.61823397508
506,235951.34445508127
2865,187659.40314750344
2367,130237.62208640386
554,156696.18238197092
238,138673.80082512996
1954,124213.382371791
2488,181840.74015489337
2291,59616.83997483234
1969,123533.91049099658
2725,160743.38181471283
1482,152647.65933993348
2763,193963.31281576375
503,209364.21997371473
1584,267204.4517408277
1531,159488.3345817178
2210,163442.06163045764
459,320789.6936695878
556,126429.89537638295
1347,137554.11335694557
1290,107419.46848543582
1388,131032.12322644453
1571,404453.5680054214
2754,215913.22660603776
765,140689.16439007284
2494,137996.274377067
2870,154791.76075206226
7,252231.22171618405
1114,240465.19978848635
2418,248146.407975642
291,83691.67873341328
18,325868.45430748013
39,327950.9356999489
1001,271814.5985929216
2442,204298.71370725712
616,126478.74305878123
2680,72624.15562365312
1414,127377.16975016176
289,125552.86411413416
40,275110.9624572256
860,122357.4473966712
409,158934.30894995434
673,145483.7477705321
2427,202339.69503731618
2036,204095.6986206299
2564,132403.02009502513
642,175418.59820316324
1008,167820.95334711293
1908,130544.00165719807
2519,245187.27528905636
1369,120090.81259356425
2855,197131.49032934988
712,118964.15876933484
1943,101510.2510935452
1958,175821.39995187504
107,223489.4941992247
2295,203755.509031932
704,122200.40520520942
676,137103.68174301586
259,157147.47481178865
93,265166.5371565516
106,237606.9701880312
2315,159621.20101553883
1050,125803.35251230828
1095,203620.68001731654
2709,137342.36046757462
758,198429.5826678566
1496,148455.57085672888
2370,139245.26237558556
2458,276800.3710974468
2733,111978.92650490304
161,253476.64594016102
726,157262.52107238694
845,226391.79816828074
947,245189.94982545025
2232,129443.48369631139
2563,165953.93278173485
2299,153817.8679636927
211,119288.38555531474
605,173859.97723583062
1478,256492.76557993854
2247,266557.8172328743
2274,200435.75481403735
2869,169564.4683976299
967,208357.88775157335
2656,59717.99874751625
667,181155.94505685708
1042,130051.45175260116
2023,177498.75098576973
2447,306171.69322651805
2055,162143.87470391177
2275,290681.2044610602
2204,197598.84583546722
1563,266210.8121577112
483,214282.99466328934
796,125618.3527648728
1526,169436.70383779198
2042,204455.40475945332
442,326467.00427974924
1693,255845.61340173695
1468,200656.8352083112
1430,203999.84785073926
2605,172387.92338146956
1529,228614.3368639769
335,166640.57915402186
1287,128017.93783827435
31,94996.78979007021
1785,242011.63163114665
82,160784.8261197931
2620,93834.86102091984
252,218127.1720083154
721,75540.7882401332
2165,183241.87404372933
2316,160873.82164630247
775,120608.17658646675
1558,65370.304500270286
17,250177.61210870952
1022,252701.76529070688
925,119256.5770160045
438,281200.24720537075
1270,154629.35970583226
1272,130365.74980835276
215,122521.92412269866
266,202218.84160908434
2402,247354.61713738553
1250,125363.91358113778
1984,95293.51431252988
1279,128878.80249447396
377,236958.67881493742
1252,169317.44174975494
2156,254146.63516563008
499,260426.04379107867
1374,135457.18125894357
2898,222984.2979557272
401,88934.79287430755
2721,177891.42420447333
2078,245341.64496670628
2589,140476.98566055298
1946,165432.09962061723
1334,148851.13502374734
2781,239286.7334743818
431,372180.12938784156
576,244763.97967244912
1474,196274.65115959442
2254,199806.19976496173
2155,315818.7706702331
885,99658.78244118416
643,169119.4204395663
1944,125869.79753655932
480,198375.90401392838
2845,99940.98061059395
2387,257561.4839432254
2407,219722.22413420875
2527,156774.82109868934
2514,173463.67054461193
629,194712.22488561127
80,205694.23089731816
1876,143542.18802937283
1546,150361.88353519997
2518,181494.37383995362
2347,174880.59904203907
783,179411.1019356129
1322,9613.312510665113
194,75244.43452726337
1770,228267.1015441923
2143,120832.20797436385
1229,206704.8860088418
511,278854.68979211274
46,218557.88897317788
1348,201084.14704645722
2465,190684.16664837569
387,239154.23466410342
873,225264.03122153674
1918,127535.61822247616
2764,239314.00853261666
2184,124290.53502190355
934,133390.75441177556
1920,132026.34186506688
2631,148019.03450750757
1768,408161.68977612845
2040,96845.43898454949
1749,201030.17928491114
834,213599.14956111513
1457,221377.90009013913
79,152049.86143961764
2302,119951.41607221763
1817,124757.86169915469
2755,239112.47358600405
359,152298.44185244187
2059,124792.45532864882
2092,217625.88067981304
2516,267445.82553532644
150,136666.97513528695
1656,122159.46590259302
83,132407.5472859666
2411,185494.98781899957
795,89790.86465274898
2312,210338.2026948118
2917,99930.06890000502
1624,186989.9788460476
2215,294042.1302717266
1211,174639.87965031958
1485,152666.35545452527
1024,184567.3748750353
570,173065.29148750682
2874,157142.8815384793
700,146117.85341250343
2756,229756.0999536023
2022,170382.23708039848
583,211957.87970998068
2392,292163.1064841909
2424,216265.12905829382
212,142819.6267884764
736,119715.37560013626
1610,142413.2701895377
890,103708.12512420292
467,159976.51199884148
578,267098.0622044395
1747,221750.09295045276
1149,175893.02167885652
2758,217333.03426461306
857,120256.55886791329
2219,271497.4457434564
733,164746.00655610464
2909,101069.97304494894
1798,245877.57215816237
235,74338.0378540116
2366,107858.53402000465
1027,117385.06129900139
1195,125198.65550178048
1303,-13081.826140613746
148,198597.70277769474
608,147733.72191202268
2515,195961.0792327337
821,275343.68409530935
2500,267704.7614651613
745,125721.75407298299
741,129382.32868652069
1611,212690.5584653191
2532,130702.72475803964
1081,219701.9752242529
1692,333528.4488928955
2520,234882.892641833
276,165595.03430284624
1992,123188.87478644095
663,-6297.65008658811
418,185282.68054590555
1733,153283.58686841564
2359,174208.5239252337
253,213184.34170299064
1518,131995.9392834142
2035,156228.7699290758
2919,58873.69303448993
1540,220468.8175700542
2120,139797.68860606133
1674,177021.4049346079
256,169682.91786872607
2361,87235.77165343874
978,63156.03668122992
2280,160680.18878933787
2095,216825.08770934108
1709,253146.22682718217
2801,211024.05898889038
1246,128446.02549236978
2373,129812.28547944079
1055,276764.0486828208
2017,121044.35317790706
1099,251684.9419839402
1344,116214.4283406004
835,169375.3262323098
1117,231313.71132816985
2043,115054.86211945172
2085,124400.8510827815
410,147110.77729509957
2650,146547.19409029582
2867,180730.56970973214
1668,129189.94941212679
1161,177623.651275713
2122,181174.1010499848
2539,138478.44342763355
1047,163198.85636134754
1445,127622.46858249008
541,142691.16856717126
569,196357.75940807053
1276,156110.1673301392
918,182401.1619871076
326,152519.73337433062
1936,125757.21373255047
895,83260.6453187268
257,132051.20798620817
1241,202937.04815696063
1545,160003.6620227443
1189,183621.2418062472
270,152647.65933993348
2066,171585.84097552008
693,116539.0240199515
1259,146325.24318566994
2916,155684.23080947803
2321,247443.72886142868
1977,124627.3496243784
1895,190227.70496942644
1240,180870.4031459884
85,142589.79866131628
1823,96538.41130110997
825,287782.0568442882
110,227908.62261531875
697,131003.49060483038
2297,116455.79659771876
1231,136031.41662949126
1355,130165.30148376987
968,329685.8000821624
584,224668.95605656202
1315,119627.35986794042
1606,117192.9719724954
206,120373.61304540109
1685,325245.6148133301
2016,126786.68445416636
869,205111.11353644548
2135,129524.29132352152
2346,172093.6923853305
2430,222153.42536039208
2198,122306.99382897149
2652,123667.33120217742
27,86666.13220632571
241,180492.60690252535
906,117891.0930617147
1506,114230.3374381038
2098,266599.06809432444
1435,225230.74001995067
2213,148441.48408756073
1274,156753.28423991625
743,5219.252382769919
1737,221581.3934604625
2797,248419.0977405439
2185,98204.25997562305
58,191015.05672076688
830,213621.08640449127
808,154663.17198199657
680,134749.06113547977
1153,124101.59407700767
1291,148822.97721693467
1818,181474.37850645272
2161,189800.18318597757
1883,133687.46426126466
350,316129.1682724213
2473,180506.3017870796
295,145931.7052067215
293,203857.93192602549
859,133711.50572111912
288,48683.283341460774
1578,119189.21763341772
102,145717.37663654768
2831,155883.8494754205
1030,192256.63157738274
2551,145788.07549304154
1286,130395.19524078761
958,315949.1033509115
776,122940.16169180587
72,193539.1434972012
2263,273535.92386999767
1866,171151.27813514293
2876,72190.88669903207
2146,256426.72329823038
103,178982.0607764132
1500,162866.0485216261
492,186443.71859024803
167,137233.57507403987
2597,116275.67858482039
2685,128821.42620188132
1035,171151.7656837445
1220,38628.6417821332
2602,152943.27339145512
2159,195427.57694557338
695,168114.63644499384
1109,218819.08924181352
640,202964.52305532293
1652,171214.20439775247
2090,168538.85426570725
1188,208318.36675120372
2345,240003.20430060226
1059,328452.77055424533
2751,223232.52350176068
128,178734.5921043555
1523,163428.8113097431
2925,158901.57180889626
2145,294404.2518316573
1121,259755.6219182519
566,214034.02128990262
565,207512.19575121364
1331,134771.75410152937
2928,131270.89621584737
156,136616.97688299257
797,141916.81909747075
327,59571.68131258318
2859,184362.75795382686
1453,116385.50612751156
1762,285980.5286571738
1868,238963.66227860347
1760,166530.21170669835
1113,275193.48503686703
1812,167505.64858440013
117,164789.7727702018
1142,200659.86866076483
2342,343624.4079131161
927,136313.0562769413
2478,163417.862581331
655,40574.61507930892
2064,124606.27083895047
369,242550.83445355546
2239,166963.71748926985
2732,221674.00330623775
1653,180853.0988331585
959,203102.90498655097
2395,273179.0306160746
1412,124181.9285053917
271,277912.87993590196
1484,152666.35545452527
1497,97232.63958569596
552,164327.04882504535
2,129260.63251970138
1855,278284.5883272977
4,264251.8648906868
2292,174288.8725095134
134,142218.8888588297
646,96088.60526109321
42,317767.78868995426
532,232156.63780230645
713,73098.51068859705
2561,142467.57344779363
2360,146135.33563277096
1333,115601.63345101738
1407,239869.2604881563
2892,243316.42642723623
574,230638.08349418791
1227,201954.77336042462
2591,276438.79041173373
1476,225762.61332420353
1125,244682.37974646367
1446,128566.20109702135
408,100159.09630375434
1101,256970.65728994476
2251,152038.8485450563
373,229866.71341741842
2554,133689.18783221126
2382,283983.4910206712
1985,76570.24383626814
519,256806.82570179104
1093,167534.55486495618
864,250055.14971404127
2889,170088.99462495232
2308,175379.46760074724
986,128148.63465064901
1302,125582.26199401199
585,160073.2363817197
2708,169782.04332293605
147,143711.9210500042
1441,235493.42510883388
383,136880.69250427518
285,156523.15116725134
181,132327.86172298138
358,152160.48436221905
780,195260.02612665627
258,199486.8929366059
1865,186344.89904967684
692,150116.76017556456
2902,297474.6247194371
508,280207.36406812276
2638,142887.9708563669
36,149660.06004564132
611,194860.28334535327
2281,121007.60908021571
1678,140010.22144961837
1696,364880.31155306386
1557,70699.05243643088
2180,113947.06945413645
1726,253576.01592420344
951,164820.10894629144
267,207273.97703917057
2706,116503.74631709067
2221,218460.39377170382
1357,178129.8689165379
2901,297406.08613196784
347,201382.5647179737
2164,213752.6551075147
1586,270963.2328824446
360,174435.20772150386
1769,212342.9213119311
2617,232578.53118878126
1879,170181.74376586743
991,230230.77859877417
1535,127586.93273537917
1191,163407.3566054522
1579,198783.1503869366
1882,170979.30439039174
1510,92069.64141573088
2196,148456.69516036747
1845,144372.8143954886
2336,308967.02199035115
942,105963.44418139776
861,115687.39462639278
2555,75253.29960375276
1392,156697.78007831547
2099,274778.5576832421
1543,131712.0770120968
948,236743.21882811672
1239,154053.91862846602
22,215692.0027595405
2796,236339.66668944294
2747,186080.20736160578
92,260619.53991551226
210,174626.7446868688
1858,248274.37916542048
2228,234485.42016626959
447,230817.9284715827
827,234871.06956507557
1649,212418.40167117916
682,145454.69986645482
2698,163795.98081199836
494,191079.725924404
214,87028.99734900962
2441,213457.7550341746
2679,126650.56462232544
1336,123108.07674733139
465,193627.7106209529
1524,150689.60971274046
2543,123792.42611806287
631,137322.23934843947
2452,258835.837115806
228,154901.67672197387
126,174112.62547347083
1092,219918.82212184527
1122,222804.791037651
932,226807.1864810547
1980,98618.14048298128
2171,94559.49677814869
551,153956.67060840083
2768,191902.33326798008
2056,122192.29838444377
1159,323555.1034789648
2645,95827.56566286462
1174,177730.0650731724
2266,221373.04080681788
2462,337510.4045279263
1219,140007.56574327865
2922,210185.50616569206
118,143281.03447302422
474,202760.19662202912
2576,191024.9228778694
872,289392.5366905878
1077,254491.1595775879
1536,170260.38088956225
1150,129893.38380729235
2341,286984.99992944737
1931,142010.81572470244
2785,130421.99882253518
2538,134326.48014344423
597,213776.32819107285
464,181965.63523065142
233,243983.1555523888
2169,128582.55765485414
2123,151006.76159262046
1867,186706.6881940327
137,282800.4758171629
515,200434.61284380965
933,131484.60761789678
2784,183908.9528214874
972,170862.4598579636
599,186120.43171645532
2614,157900.68038327852
2582,124586.92618215494
1409,195524.33952858666
175,43425.54547858576
352,263181.70917826734
976,62880.31622036305
2134,199928.00351225073
984,121717.78232589772
2396,331611.5241461872
1673,184906.9962661565
404,108182.60000626225
607,146921.66279372945
814,139140.00608454636
868,195927.0349896091
2271,190559.51429114363
1633,207977.1137082029
337,139771.40250068207
2765,202985.95127652463
1746,240079.8313083414
368,299014.53020209697
2806,223984.79631441907
1662,170126.51985914184
1234,181447.2541024172
1373,140110.05398583345
1672,86597.77855033462
1939,125803.13959223384
